5.991750136715193520e+00
4.839546151031552945e+00
4.126053006430427494e+00
3.248307556916163463e+00
2.794383453163054476e+00
2.478100294514206325e+00
2.487313280679650074e+00
2.313975365477477286e+00
1.681312160248695786e+00
1.718703423456082735e+00
1.425743063914498565e+00
1.263718341262157985e+00
1.167672808175716614e+00
1.025565415308280937e+00
9.730798318499095378e-01
1.008901301166811537e+00
8.775354950912447327e-01
8.279198012317865452e-01
8.520684581496194010e-01
6.837961576549513865e-01
7.241930151377045100e-01
6.821400071891975392e-01
6.363679711920880999e-01
6.207700046766443380e-01
6.356498846549809567e-01
5.918870879491855419e-01
6.306827585305371242e-01
5.921707441778976122e-01
5.384178849042516868e-01
5.314751805979172072e-01
5.785223047805293506e-01
5.169369329960552539e-01
4.898672184015513409e-01
4.773279274603182687e-01
4.843989048097953054e-01
4.746989348621142857e-01
4.575510363730289631e-01
5.750831001397679332e-01
4.523672300654379974e-01
4.834164650761089699e-01
4.662700823295088393e-01
5.359468333448910160e-01
4.146739633590931229e-01
4.332812773501906745e-01
4.473780053092585862e-01
4.103256819777417741e-01
4.332556742798598926e-01
3.904885909813365918e-01
4.651386643304851742e-01
3.935373798585863336e-01
4.034368871024708869e-01
4.503954842806915937e-01
4.639543200094541353e-01
4.144483415916347946e-01
4.514398806166564637e-01
3.999414012989510048e-01
4.203685991973298286e-01
3.908949318354518199e-01
3.927286273445506626e-01
3.650224287294266956e-01
3.568366351666828473e-01
3.620153477396080843e-01
4.226425625349242710e-01
4.288867395450454145e-01
3.968912180986472471e-01
3.687755503544794533e-01
3.697445967699853897e-01
3.780484743408145665e-01
4.488824545953266631e-01
3.493299828761765591e-01
3.750616075274842975e-01
4.144505550627713975e-01
3.639523751132202056e-01
3.512714256027295034e-01
3.908342939288406148e-01
3.417716859646736660e-01
3.357575483219332191e-01
3.413770871881510738e-01
4.154028166935182509e-01
3.614144202374017789e-01
3.322173198162634011e-01
4.251747756559104419e-01
3.773798511687918023e-01
3.857287119828357591e-01
3.444511706793462746e-01
3.706920447728764278e-01
3.835033476933077945e-01
3.353882493390270558e-01
3.302063486204475651e-01
3.639476910326767123e-01
3.414399462465380619e-01
3.644090671722096109e-01
3.524223022246765202e-01
3.717408670705518170e-01
3.168030835842752801e-01
3.972653376142160631e-01
3.219090040333386082e-01
3.315856896652558672e-01
3.416853443507623100e-01
3.146237472643170219e-01
3.311550079630539156e-01
3.824568682598384894e-01
3.417850896465212118e-01
3.223348648541147776e-01
3.117914864144681331e-01
3.453859104962084814e-01
3.274107626712119412e-01
3.322249097160209219e-01
3.156233144525952272e-01
3.553144616781325205e-01
3.061100680447345623e-01
3.790829117115036562e-01
3.053615885871425739e-01
3.529544381611987580e-01
3.466834498718324165e-01
3.117588042467897003e-01
3.225912345889133670e-01
3.206898558376576891e-01
3.943691195248800740e-01
4.121027197587077140e-01
3.394938636585549951e-01
3.122934076272301795e-01
3.230923165165072719e-01
3.259719875774255149e-01
3.151275176111751342e-01
3.162670379844659818e-01
3.166537943506256281e-01
3.081201194072962779e-01
2.988666954656440944e-01
3.137627339113023828e-01
2.951570178510274922e-01
3.073724663563170423e-01
3.138003231042323926e-01
3.163739096420709052e-01
2.999013134399524660e-01
3.228929370389071463e-01
3.530904053503167717e-01
3.538462983755322755e-01
3.107540002940417101e-01
3.707787799864969425e-01
3.196866017530490267e-01
3.382117822994087364e-01
3.223100601109675223e-01
3.267498567248240948e-01
3.022199302162564827e-01
2.997337801202802909e-01
3.049274624711820203e-01
3.323798340265600726e-01
2.977661294110985901e-01
3.449143270859705845e-01
3.171848647434204471e-01
3.186333967312059423e-01
3.064270750660012532e-01
2.949050021850406766e-01
3.217313163895481054e-01
2.881523792834294606e-01
3.184190600160711204e-01
3.125364526243609720e-01
3.331261933363821592e-01
2.859775671514487305e-01
2.910179396160382792e-01
3.132771582038678670e-01
2.984936769047503158e-01
3.249943287480056009e-01
3.010927727299984591e-01
3.651421861419518744e-01
2.761743836444796596e-01
3.144594358609296703e-01
3.301103640061376909e-01
2.859356978513730718e-01
2.756988665227754765e-01
2.753668095822545125e-01
2.745541871314406412e-01
3.654367024137674114e-01
3.084550635095865134e-01
2.897538971545010611e-01
2.780387829182165427e-01
2.718524907986659134e-01
2.896757005757165659e-01
3.026229853287274452e-01
2.806959317152929456e-01
3.156344807240137329e-01
2.718615924219135449e-01
2.771543224166912456e-01
2.909491857615978394e-01
2.675568368919036266e-01
2.781435174601031290e-01
3.088170884823209783e-01
2.677795943149811064e-01
2.794448998221513714e-01
2.668672899014784550e-01
3.017884851952842840e-01
2.761675332418741524e-01
3.021577243507651556e-01
2.962803101877756751e-01
2.656799419666689421e-01
2.737683677062489052e-01
3.109115433544319407e-01
2.726776385691675464e-01
2.665921067925359211e-01
3.473557304297851256e-01
2.812871780644541908e-01
2.754715283839873630e-01
2.808439108389041428e-01
2.600915026913529493e-01
2.735169967922037038e-01
2.631247929955499165e-01
2.907801377199290549e-01
2.819765267306550971e-01
2.834423072969395330e-01
2.728494594759208747e-01
2.667821252032328561e-01
2.651622592779835363e-01
2.595360354662751834e-01
2.627149889357965895e-01
2.607361163886997568e-01
2.739104769542373696e-01
2.783867132465444594e-01
2.613892636039792383e-01
2.906644189012994040e-01
2.656281079720393956e-01
2.749775051106652657e-01
3.367724882979569179e-01
2.681306734280546333e-01
2.878011439833493279e-01
3.013705939581661775e-01
2.559779596791090794e-01
2.821811871509834480e-01
2.666928351616046355e-01
2.914213438182922666e-01
2.565436971011913481e-01
2.616978518221561023e-01
2.598320809774475326e-01
2.665094340380781412e-01
2.763464095155249156e-01
3.136897895454840990e-01
2.581959055250971913e-01
2.752895427764961434e-01
2.900812558059262525e-01
2.619593082929855266e-01
2.573600448059232271e-01
2.609469260240863120e-01
2.746594571857061684e-01
3.122603522462456538e-01
2.936199808572700354e-01
3.068709948765946383e-01
2.536154003754453878e-01
2.704938399325693132e-01
2.775285643492503285e-01
2.666022616897655850e-01
2.763939005097052481e-01
2.799937566336435646e-01
2.651690106714415518e-01
2.904776990824576854e-01
2.832229881168814023e-01
2.549132835247478468e-01
2.675992077588851270e-01
2.833995514879281141e-01
2.930892743454904803e-01
2.928513789094434050e-01
2.633578463875868025e-01
2.572180119211847082e-01
2.727387973302380919e-01
2.622475913736467268e-01
2.511017243564771517e-01
2.633691154824638891e-01
2.692722057771692046e-01
2.701302694506952373e-01
2.757061126779113969e-01
2.505939337734614525e-01
2.510008498522748877e-01
2.410943799159110945e-01
2.565942107205908540e-01
2.952345047887632856e-01
2.438153106026209882e-01
2.497914842099190902e-01
2.406813902840006791e-01
2.449144897530948217e-01
2.851855917733615575e-01
2.529170297074145868e-01
2.538445649971218243e-01
2.454579935441338068e-01
2.440284945776301784e-01
2.666291005475639464e-01
2.712923187846854045e-01
2.547511340347450859e-01
2.667497399584217166e-01
2.442952490854142233e-01
2.522963729411193956e-01
2.494768348782402667e-01
2.400159898334302544e-01
2.756208864223153032e-01
2.564465421333670947e-01
2.506318970677012259e-01
2.585389309033386263e-01
2.595561068230931023e-01
2.354945748587430054e-01
2.617714236339677703e-01
2.697795528914197494e-01
3.331168730014040236e-01
